Colors:
  Albedo: [0.724137902, 0.53818357, 0.360681713, 1]
  Metallic: 0.5
  Roughness: 0.5
  AO: 0.5
Textures:
  Albedo: 17705844682047425100
  Normal: 10295599289071361424
  Metallic: 12954808329133736451
  Roughness: 5641664463025946696
  AO: 4712358843413863426